Image: photo_6_2024-10-24_20-20-24.jpg
Bounding box: [[806.0 410.0]
 [992.0 410.0]
 [992.0 446.0]
 [806.0 446.0]]
--------------------------------------------------
Image: photo_9_2024-10-24_20-20-24.jpg
Bounding box: [[526.0750732421875 343.72064208984375]
 [776.594482421875 348.11572265625]
 [775.740966796875 396.76739501953125]
 [525.2215576171875 392.372314453125]]
Bounding box: [[869.228271484375 391.0927734375]
 [985.768798828125 386.33599853515625]
 [986.645263671875 407.8104248046875]
 [870.104736328125 412.56719970703125]]
--------------------------------------------------
Image: photo_18_2024-10-24_20-20-24.jpg
Bounding box: [[535.9999389648438 444.0]
 [677.9999389648438 444.0]
 [677.9999389648438 474.0]
 [535.9999389648438 474.0]]
--------------------------------------------------
Image: photo_26_2024-10-24_20-20-24.jpg
Bounding box: [[518.0 418.0]
 [580.0 418.0]
 [580.0 442.0]
 [518.0 442.0]]
Bounding box: [[484.0 440.0]
 [616.0 440.0]
 [616.0 476.0]
 [484.0 476.0]]
Bounding box: [[285.3999938964844 458.1999816894531]
 [373.8036804199219 455.5210876464844]
 [374.5412902832031 479.8623962402344]
 [286.1376037597656 482.5412902832031]]
Bounding box: [[250.7567901611328 484.23480224609375]
 [409.42376708984375 477.13031005859375]
 [411.24322509765625 517.7652587890625]
 [252.57623291015625 524.8697509765625]]
Bounding box: [[806.8748779296875 741.9342041015625]
 [953.46630859375 736.7906494140625]
 [954.8287353515625 775.6199951171875]
 [808.2373046875 780.7635498046875]]
Bounding box: [[762.5686645507812 785.3362426757812]
 [997.5419311523438 778.4252319335938]
 [999.3794555664062 840.9005737304688]
 [764.4061889648438 847.8115844726562]]
Bounding box: [[805.3968505859375 847.5250854492188]
 [963.78857421875 840.9254760742188]
 [964.5892333984375 860.1421508789062]
 [806.197509765625 866.7417602539062]]
--------------------------------------------------
Image: photo_29_2024-10-24_20-20-24.jpg
Bounding box: [[894.1885986328125 35.38048553466797]
 [1233.2354736328125 13.921781539916992]
 [1235.3629150390625 47.533973693847656]
 [896.3160400390625 68.99267578125]]
Bounding box: [[917.1890869140625 68.02349853515625]
 [1209.8128662109375 59.54164505004883]
 [1210.7320556640625 91.25413513183594]
 [918.1082763671875 99.73599243164062]]
Bounding box: [[1166.0 92.0]
 [1210.0 92.0]
 [1210.0 112.0]
 [1166.0 112.0]]
Bounding box: [[377.23077392578125 612.232666015625]
 [487.84564208984375 606.8367919921875]
 [488.83795166015625 627.1785888671875]
 [378.22308349609375 632.574462890625]]
Bounding box: [[567.0858764648438 662.1738891601562]
 [839.5939331054688 652.5276489257812]
 [841.3578491210938 702.3590698242188]
 [568.8497924804688 712.0053100585938]]
--------------------------------------------------
Image: photo_17_2024-10-24_20-20-24.jpg
Bounding box: [[560.0 446.0]
 [740.0 446.0]
 [740.0 482.0]
 [560.0 482.0]]
Bounding box: [[796.0 488.0]
 [876.0 488.0]
 [876.0 506.0]
 [796.0 506.0]]
--------------------------------------------------
Image: photo_31_2024-10-24_20-20-24.jpg
Bounding box: [[912.0 86.0]
 [980.0 86.0]
 [980.0 98.0]
 [912.0 98.0]]
Bounding box: [[390.0 690.0]
 [526.0 690.0]
 [526.0 738.0]
 [390.0 738.0]]
--------------------------------------------------
Image: photo_2_2024-10-24_20-20-24.jpg
Bounding box: [[848.505859375 468.57647705078125]
 [923.447021484375 462.811767578125]
 [925.517578125 489.72943115234375]
 [850.576416015625 495.494140625]]
Bounding box: [[819.0531616210938 494.3206787109375]
 [945.3095092773438 482.575927734375]
 [949.1658325195312 524.0311279296875]
 [822.9094848632812 535.77587890625]]
Bounding box: [[846.9077758789062 532.7166748046875]
 [909.6859741210938 525.3310546875]
 [911.0512084960938 536.9351806640625]
 [848.2730102539062 544.32080078125]]
--------------------------------------------------
Image: photo_4_2024-10-22_21-52-34.jpg
Bounding box: [[64.0 196.0]
 [114.0 196.0]
 [114.0 270.0]
 [64.0 270.0]]
Bounding box: [[316.0 558.0]
 [408.0 558.0]
 [408.0 572.0]
 [316.0 572.0]]
Bounding box: [[800.0 560.0]
 [864.0 560.0]
 [864.0 574.0]
 [800.0 574.0]]
Bounding box: [[516.0360107421875 659.3703002929688]
 [710.49267578125 662.0341186523438]
 [709.8968505859375 705.5327758789062]
 [515.440185546875 702.8689575195312]]
Bounding box: [[517.7359008789062 696.0755615234375]
 [589.9889526367188 693.6671142578125]
 [590.3818969726562 705.4539794921875]
 [518.1288452148438 707.8624267578125]]
--------------------------------------------------
Image: photo_13_2024-10-24_20-20-24.jpg
Bounding box: [[430.9901123046875 392.0989990234375]
 [521.6831665039062 401.1683349609375]
 [517.0098876953125 447.9010009765625]
 [426.31683349609375 438.8316650390625]]
Bounding box: [[556.875732421875 411.73046875]
 [818.6671142578125 452.9383544921875]
 [805.329345703125 537.6722412109375]
 [543.5379638671875 496.46435546875]]
Bounding box: [[184.4705810546875 424.1177062988281]
 [287.5294189453125 449.8824157714844]
 [280.4705810546875 478.1177062988281]
 [177.4117431640625 452.3529968261719]]
Bounding box: [[424.6440124511719 448.53839111328125]
 [524.760009765625 467.16461181640625]
 [520.8792724609375 488.02398681640625]
 [420.7632141113281 469.39776611328125]]
Bounding box: [[1058.151123046875 462.4785461425781]
 [1175.942626953125 481.2181091308594]
 [1170.984375 512.3839111328125]
 [1053.19287109375 493.6443176269531]]
Bounding box: [[1056.3310546875 499.9454040527344]
 [1172.860595703125 509.4580078125]
 [1171.56982421875 525.27099609375]
 [1055.040283203125 515.7584228515625]]
Bounding box: [[996.213134765625 525.0151977539062]
 [1043.2587890625 528.3755493164062]
 [1041.918701171875 547.1370239257812]
 [994.873046875 543.7766723632812]]
Bounding box: [[1098.3692626953125 531.046142578125]
 [1174.6768798828125 540.5845947265625]
 [1171.5692138671875 565.4461669921875]
 [1095.2615966796875 555.90771484375]]
Bounding box: [[1100.0 546.0]
 [1122.0 546.0]
 [1122.0 556.0]
 [1100.0 556.0]]
Bounding box: [[987.1301879882812 569.50634765625]
 [1244.66650390625 597.240966796875]
 [1240.604736328125 634.9573974609375]
 [983.0684204101562 607.2227783203125]]
--------------------------------------------------
Image: photo_22_2024-10-24_20-20-24.jpg
Bounding box: [[958.0 0.0]
 [1126.0 0.0]
 [1126.0 32.0]
 [958.0 32.0]]
Bounding box: [[1212.0 4.0]
 [1278.0 4.0]
 [1278.0 24.0]
 [1212.0 24.0]]
Bounding box: [[356.781494140625 45.33729934692383]
 [522.1021728515625 51.03800964355469]
 [519.8099975585938 117.51069641113281]
 [354.48931884765625 111.80998229980469]]
Bounding box: [[388.0 162.0]
 [486.0 162.0]
 [486.0 178.0]
 [388.0 178.0]]
Bounding box: [[1112.0 276.0]
 [1150.0 276.0]
 [1150.0 302.0]
 [1112.0 302.0]]
Bounding box: [[474.0 502.0]
 [588.0 502.0]
 [588.0 534.0]
 [474.0 534.0]]
--------------------------------------------------
Image: photo_10_2024-10-24_20-20-24.jpg
Bounding box: [[587.6781005859375 468.0374755859375]
 [771.9527587890625 465.0653076171875]
 [772.5535888671875 502.31365966796875]
 [588.2789306640625 505.28582763671875]]
--------------------------------------------------
Image: photo_7_2024-10-22_21-52-34.jpg
Bounding box: [[357.7647705078125 263.058837890625]
 [410.94122314453125 249.7646942138672]
 [414.2353515625 262.941162109375]
 [361.05889892578125 276.23529052734375]]
Bounding box: [[510.0 396.0]
 [594.0 396.0]
 [594.0 416.0]
 [510.0 416.0]]
Bounding box: [[762.6583251953125 403.1671142578125]
 [821.4114990234375 400.22943115234375]
 [822.8878173828125 429.755615234375]
 [764.1346435546875 432.69329833984375]]
Bounding box: [[747.5042724609375 458.10394287109375]
 [805.8197021484375 455.67413330078125]
 [806.4124755859375 469.8994140625]
 [748.0970458984375 472.3292236328125]]
Bounding box: [[741.4400024414062 522.0799560546875]
 [929.7560424804688 516.195068359375]
 [930.4390258789062 538.0487060546875]
 [742.1229858398438 543.93359375]]
Bounding box: [[656.0 554.0]
 [694.0 554.0]
 [694.0 566.0]
 [656.0 566.0]]
Bounding box: [[552.0 774.0]
 [590.0 774.0]
 [590.0 786.0]
 [552.0 786.0]]
Bounding box: [[768.0 822.0]
 [794.0 822.0]
 [794.0 832.0]
 [768.0 832.0]]
Bounding box: [[94.0 850.0]
 [130.0 850.0]
 [130.0 864.0]
 [94.0 864.0]]
--------------------------------------------------
Image: photo_8_2024-10-22_21-52-34.jpg
Bounding box: [[176.57676696777344 408.3749084472656]
 [589.4879760742188 383.5007629394531]
 [592.591796875 435.0246276855469]
 [179.68060302734375 459.8987731933594]]
Bounding box: [[392.0 572.0]
 [424.0 572.0]
 [424.0 584.0]
 [392.0 584.0]]
Bounding box: [[366.0 582.0]
 [452.0 582.0]
 [452.0 610.0]
 [366.0 610.0]]
Bounding box: [[288.0 688.0]
 [352.0 688.0]
 [352.0 698.0]
 [288.0 698.0]]
--------------------------------------------------
Image: photo_21_2024-10-24_20-20-24.jpg
Bounding box: [[346.0 98.0]
 [450.0 98.0]
 [450.0 118.0]
 [346.0 118.0]]
Bounding box: [[360.0 124.0]
 [422.0 124.0]
 [422.0 136.0]
 [360.0 136.0]]
Bounding box: [[614.1170043945312 443.30938720703125]
 [839.3434448242188 453.10186767578125]
 [837.3811645507812 498.23394775390625]
 [612.1547241210938 488.44146728515625]]
--------------------------------------------------
Image: photo_32_2024-10-24_20-20-24.jpg
Bounding box: [[722.0 134.0]
 [764.0 134.0]
 [764.0 164.0]
 [722.0 164.0]]
Bounding box: [[536.0 566.0]
 [664.0 566.0]
 [664.0 608.0]
 [536.0 608.0]]
--------------------------------------------------
Image: photo_1_2024-10-24_20-20-24.jpg
Bounding box: [[605.9999389648438 521.9999389648438]
 [697.9999389648438 521.9999389648438]
 [697.9999389648438 549.9999389648438]
 [605.9999389648438 549.9999389648438]]
Bounding box: [[572.309326171875 550.1845703125]
 [731.311767578125 542.2344970703125]
 [733.5810546875 587.6209716796875]
 [574.57861328125 595.571044921875]]
Bounding box: [[607.6189575195312 592.0916137695312]
 [695.9497680664062 588.6942749023438]
 [696.4047241210938 600.5228881835938]
 [608.0739135742188 603.9202270507812]]
--------------------------------------------------
Image: photo_25_2024-10-24_20-20-24.jpg
Bounding box: [[790.0 28.0]
 [842.0 28.0]
 [842.0 56.0]
 [790.0 56.0]]
Bounding box: [[1072.0 178.0]
 [1218.0 178.0]
 [1218.0 196.0]
 [1072.0 196.0]]
Bounding box: [[0.022640228271484375 217.479248046875]
 [117.36604309082031 222.58111572265625]
 [115.52076721191406 265.02264404296875]
 [0.0 259.9207763671875]]
Bounding box: [[18.0 336.0]
 [76.0 336.0]
 [76.0 382.0]
 [18.0 382.0]]
Bounding box: [[254.0 376.0]
 [324.0 376.0]
 [324.0 398.0]
 [254.0 398.0]]
Bounding box: [[24.0 410.0]
 [86.0 410.0]
 [86.0 466.0]
 [24.0 466.0]]
Bounding box: [[470.0 440.0]
 [534.0 440.0]
 [534.0 454.0]
 [470.0 454.0]]
Bounding box: [[0.0 480.0]
 [122.0 480.0]
 [122.0 510.0]
 [0.0 510.0]]
Bounding box: [[478.0 496.0]
 [526.0 496.0]
 [526.0 514.0]
 [478.0 514.0]]
Bounding box: [[4.0 514.0]
 [78.0 514.0]
 [78.0 532.0]
 [4.0 532.0]]
Bounding box: [[440.14306640625 510.7066345214844]
 [564.8087768554688 514.0759887695312]
 [563.8014526367188 551.345947265625]
 [439.1357421875 547.9766235351562]]
Bounding box: [[2.0 534.0]
 [82.0 534.0]
 [82.0 552.0]
 [2.0 552.0]]
Bounding box: [[1132.0 662.0]
 [1192.0 662.0]
 [1192.0 682.0]
 [1132.0 682.0]]
Bounding box: [[1118.0 684.0]
 [1182.0 684.0]
 [1182.0 712.0]
 [1118.0 712.0]]
--------------------------------------------------
Image: photo_3_2024-10-22_21-52-34.jpg
Bounding box: [[2.987640380859375 56.87053298950195]
 [327.6746520996094 90.17176818847656]
 [320.69482421875 158.22511291503906]
 [0.0 124.92387390136719]]
Bounding box: [[574.0 212.0]
 [596.0 212.0]
 [596.0 232.0]
 [574.0 232.0]]
Bounding box: [[428.57373046875 342.31146240234375]
 [510.98358154296875 334.81964111328125]
 [513.0491333007812 357.54095458984375]
 [430.6392822265625 365.03277587890625]]
Bounding box: [[424.9884033203125 361.813232421875]
 [533.8132934570312 355.01165771484375]
 [535.4708862304688 381.5330810546875]
 [426.64599609375 388.33465576171875]]
Bounding box: [[70.54423522949219 486.6387634277344]
 [221.6233367919922 488.62664794921875]
 [217.67042541503906 789.0482177734375]
 [66.59132385253906 787.0603637695312]]
Bounding box: [[434.8311767578125 705.4412231445312]
 [524.9437866210938 693.8137817382812]
 [529.4883422851562 729.0338745117188]
 [439.375732421875 740.6613159179688]]
Bounding box: [[370.69232177734375 759.4615478515625]
 [564.1538696289062 720.769287109375]
 [576.6923217773438 783.4615478515625]
 [383.23077392578125 822.15380859375]]
Bounding box: [[424.85296630859375 812.7891235351562]
 [527.096923828125 791.6351928710938]
 [530.7777099609375 809.4253540039062]
 [428.53375244140625 830.5792846679688]]
--------------------------------------------------
Image: photo_14_2024-10-24_20-20-24.jpg
Bounding box: [[468.52728271484375 409.3667907714844]
 [1054.277587890625 365.8705139160156]
 [1065.548828125 517.6572265625]
 [479.798583984375 561.153564453125]]
Bounding box: [[134.0 430.0]
 [368.0 430.0]
 [368.0 512.0]
 [134.0 512.0]]
Bounding box: [[113.9299087524414 562.5713500976562]
 [379.2863464355469 542.5444946289062]
 [381.7953796386719 575.7891235351562]
 [116.43893432617188 595.8159790039062]]
Bounding box: [[974.8316650390625 572.3168334960938]
 [1033.6435546875 566.4356079101562]
 [1035.1683349609375 581.6831665039062]
 [976.3564453125 587.5643920898438]]
Bounding box: [[532.4877319335938 814.39013671875]
 [824.6585083007812 781.9267578125]
 [829.0243530273438 821.219482421875]
 [536.8535766601562 853.682861328125]]
--------------------------------------------------
Image: photo_5_2024-10-24_20-20-24.jpg
Bounding box: [[532.0 504.0]
 [608.0 504.0]
 [608.0 526.0]
 [532.0 526.0]]
Bounding box: [[506.2199401855469 523.6824951171875]
 [640.49853515625 526.080322265625]
 [639.801025390625 565.1392822265625]
 [505.5224304199219 562.741455078125]]
Bounding box: [[538.0 564.0]
 [608.0 564.0]
 [608.0 570.0]
 [538.0 570.0]]
--------------------------------------------------
Image: photo_23_2024-10-24_20-20-24.jpg
Bounding box: [[856.0 50.0]
 [1000.0 50.0]
 [1000.0 80.0]
 [856.0 80.0]]
Bounding box: [[890.0 84.0]
 [968.0 84.0]
 [968.0 130.0]
 [890.0 130.0]]
Bounding box: [[164.643798828125 558.6651611328125]
 [249.48165893554688 564.5159912109375]
 [247.34674072265625 595.47216796875]
 [162.50888061523438 589.621337890625]]
Bounding box: [[80.90247344970703 586.3519897460938]
 [311.109375 592.1799926757812]
 [309.4241943359375 658.7449340820312]
 [79.21729278564453 652.9169311523438]]
Bounding box: [[476.28277587890625 639.193115234375]
 [556.7103881835938 643.9241943359375]
 [555.5862426757812 663.0345458984375]
 [475.15863037109375 658.303466796875]]
--------------------------------------------------
Image: photo_12_2024-10-24_20-20-24.jpg
Bounding box: [[346.61846923828125 423.6309509277344]
 [496.044921875 431.1022644042969]
 [493.75067138671875 476.9875793457031]
 [344.32421875 469.5162658691406]]
Bounding box: [[516.326904296875 430.77044677734375]
 [866.583740234375 452.6614990234375]
 [860.7471923828125 546.0466918945312]
 [510.4903564453125 524.1556396484375]]
Bounding box: [[334.35528564453125 489.0253601074219]
 [477.340087890625 499.2385559082031]
 [475.72589111328125 521.8375244140625]
 [332.7410888671875 511.6243591308594]]
--------------------------------------------------
Image: photo_5_2024-10-22_21-52-34.jpg
Bounding box: [[728.0 414.0]
 [778.0 414.0]
 [778.0 438.0]
 [728.0 438.0]]
Bounding box: [[706.0 488.0]
 [902.0 488.0]
 [902.0 510.0]
 [706.0 510.0]]
Bounding box: [[652.0 516.0]
 [674.0 516.0]
 [674.0 526.0]
 [652.0 526.0]]
Bounding box: [[584.0 774.0]
 [634.0 774.0]
 [634.0 792.0]
 [584.0 792.0]]
Bounding box: [[100.0 792.0]
 [142.0 792.0]
 [142.0 802.0]
 [100.0 802.0]]
Bounding box: [[862.0 832.0]
 [916.0 832.0]
 [916.0 850.0]
 [862.0 850.0]]
Bounding box: [[14.0 860.0]
 [44.0 860.0]
 [44.0 870.0]
 [14.0 870.0]]
Bounding box: [[0.0 870.0]
 [58.0 870.0]
 [58.0 890.0]
 [0.0 890.0]]
--------------------------------------------------
Image: photo_3_2024-10-24_20-20-24.jpg
Bounding box: [[76.0 0.0]
 [246.0 0.0]
 [246.0 32.0]
 [76.0 32.0]]
Bounding box: [[526.3898315429688 37.08535385131836]
 [617.1312866210938 40.32611846923828]
 [615.5796508789062 83.77070617675781]
 [524.8381958007812 80.52993774414062]]
Bounding box: [[338.70654296875 459.66864013671875]
 [798.645263671875 482.3416748046875]
 [794.7021484375 562.3303833007812]
 [334.763427734375 539.6573486328125]]
Bounding box: [[330.2102966308594 521.3732299804688]
 [460.7587585449219 527.3071899414062]
 [459.8309020996094 547.7195434570312]
 [329.2824401855469 541.7855834960938]]
--------------------------------------------------
Image: photo_30_2024-10-24_20-20-24.jpg
Bounding box: [[24.0 90.0]
 [54.0 90.0]
 [54.0 100.0]
 [24.0 100.0]]
Bounding box: [[0.057464599609375 347.7014465332031]
 [176.5971221923828 352.1149597167969]
 [175.7788848876953 384.8445129394531]
 [0.0 380.4309997558594]]
Bounding box: [[676.0 408.0]
 [730.0 408.0]
 [730.0 426.0]
 [676.0 426.0]]
Bounding box: [[856.0 624.0]
 [908.0 624.0]
 [908.0 638.0]
 [856.0 638.0]]
Bounding box: [[822.0 638.0]
 [942.0 638.0]
 [942.0 672.0]
 [822.0 672.0]]
--------------------------------------------------
Image: photo_1_2024-10-22_21-52-34.jpg
Bounding box: [[230.27732849121094 25.344886779785156]
 [296.82843017578125 28.11785125732422]
 [295.7816162109375 53.24089813232422]
 [229.2305145263672 50.467933654785156]]
Bounding box: [[436.2012634277344 676.968017578125]
 [500.5782775878906 679.5430908203125]
 [499.8210754394531 698.4727783203125]
 [435.4440612792969 695.897705078125]]
Bounding box: [[416.063720703125 695.5806884765625]
 [524.5675048828125 698.43603515625]
 [523.7176513671875 730.7294921875]
 [415.2138671875 727.8741455078125]]
--------------------------------------------------
Image: photo_16_2024-10-24_20-20-24.jpg
Bounding box: [[956.1603393554688 119.33631134033203]
 [1214.3310546875 124.11724853515625]
 [1213.805908203125 152.4779052734375]
 [955.6351928710938 147.69696044921875]]
Bounding box: [[216.0 132.0]
 [288.0 132.0]
 [288.0 146.0]
 [216.0 146.0]]
Bounding box: [[684.0 142.0]
 [730.0 142.0]
 [730.0 152.0]
 [684.0 152.0]]
Bounding box: [[665.2218017578125 252.4513702392578]
 [743.5408935546875 257.3463134765625]
 [741.3463134765625 292.45916748046875]
 [663.0272216796875 287.564208984375]]
Bounding box: [[210.3472900390625 343.55926513671875]
 [1242.6611328125 361.09857177734375]
 [1241.5169677734375 428.4432373046875]
 [209.203125 410.9039306640625]]
Bounding box: [[650.3619384765625 524.3214721679688]
 [878.64501953125 527.1054077148438]
 [877.772216796875 598.6801147460938]
 [649.4891357421875 595.8961791992188]]
Bounding box: [[534.4329833984375 532.4742431640625]
 [621.0721435546875 536.412353515625]
 [619.505126953125 570.8865966796875]
 [532.865966796875 566.948486328125]]
Bounding box: [[526.0533447265625 575.76318359375]
 [622.33203125 578.0555419921875]
 [621.920654296875 595.3314208984375]
 [525.6419677734375 593.0390625]]
--------------------------------------------------
Image: photo_28_2024-10-24_20-20-24.jpg
Bounding box: [[580.0 416.0]
 [662.0 416.0]
 [662.0 440.0]
 [580.0 440.0]]
--------------------------------------------------
Image: photo_27_2024-10-24_20-20-24.jpg
Bounding box: [[724.0 72.0]
 [794.0 72.0]
 [794.0 84.0]
 [724.0 84.0]]
Bounding box: [[480.0 132.0]
 [636.0 132.0]
 [636.0 146.0]
 [480.0 146.0]]
Bounding box: [[2.0 168.0]
 [20.0 168.0]
 [20.0 180.0]
 [2.0 180.0]]
Bounding box: [[1056.0 198.0]
 [1164.0 198.0]
 [1164.0 218.0]
 [1056.0 218.0]]
Bounding box: [[66.0 242.0]
 [126.0 242.0]
 [126.0 254.0]
 [66.0 254.0]]
Bounding box: [[388.0 386.0]
 [438.0 386.0]
 [438.0 402.0]
 [388.0 402.0]]
Bounding box: [[778.0 448.0]
 [850.0 448.0]
 [850.0 482.0]
 [778.0 482.0]]
Bounding box: [[234.0 456.0]
 [300.0 456.0]
 [300.0 474.0]
 [234.0 474.0]]
Bounding box: [[694.359130859375 485.17681884765625]
 [742.646484375 487.71826171875]
 [741.867431640625 502.51934814453125]
 [693.580078125 499.9779052734375]]
Bounding box: [[672.0 498.0]
 [760.0 498.0]
 [760.0 522.0]
 [672.0 522.0]]
Bounding box: [[1090.0 676.0]
 [1178.0 676.0]
 [1178.0 698.0]
 [1090.0 698.0]]
Bounding box: [[1064.0 700.0]
 [1208.0 700.0]
 [1208.0 740.0]
 [1064.0 740.0]]
Bounding box: [[1098.0 740.0]
 [1188.0 740.0]
 [1188.0 750.0]
 [1098.0 750.0]]
--------------------------------------------------
Image: photo_19_2024-10-24_20-20-24.jpg
Bounding box: [[1234.0 236.0]
 [1278.0 236.0]
 [1278.0 316.0]
 [1234.0 316.0]]
Bounding box: [[1246.0 406.0]
 [1278.0 406.0]
 [1278.0 422.0]
 [1246.0 422.0]]
Bounding box: [[754.08544921875 445.4094543457031]
 [977.16162109375 452.7636413574219]
 [975.7119140625 496.7378234863281]
 [752.6357421875 489.3836364746094]]
Bounding box: [[1054.0 510.0]
 [1144.0 510.0]
 [1144.0 528.0]
 [1054.0 528.0]]
--------------------------------------------------
Image: photo_8_2024-10-24_20-20-24.jpg
Bounding box: [[647.9196166992188 446.83319091796875]
 [1013.9030151367188 421.59295654296875]
 [1020.8331909179688 522.0805053710938]
 [654.8497924804688 547.3207397460938]]
Bounding box: [[443.350830078125 460.2432556152344]
 [589.7582397460938 457.4277038574219]
 [590.9197998046875 517.8284912109375]
 [444.51239013671875 520.64404296875]]
Bounding box: [[0.05292510986328125 476.9833984375]
 [157.09231567382812 479.73846435546875]
 [155.81170654296875 552.7335205078125]
 [0.0 549.9784545898438]]
Bounding box: [[436.61566162109375 540.5409545898438]
 [597.7514038085938 530.1450805664062]
 [599.2726440429688 553.7243041992188]
 [438.13690185546875 564.1201782226562]]
--------------------------------------------------
Image: photo_10_2024-10-22_21-52-34.jpg
Bounding box: [[493.15863037109375 413.90350341796875]
 [527.7517700195312 411.020751953125]
 [528.8137817382812 423.76556396484375]
 [494.22064208984375 426.6483154296875]]
Bounding box: [[529.3961791992188 498.1131896972656]
 [669.7395629882812 492.0113220214844]
 [670.8867797851562 518.396240234375]
 [530.5433959960938 524.498046875]]
--------------------------------------------------
Image: photo_7_2024-10-24_20-20-24.jpg
Bounding box: [[1033.0858154296875 297.36053466796875]
 [1094.7337646484375 282.68243408203125]
 [1100.8497314453125 308.369140625]
 [1039.2017822265625 323.0472412109375]]
Bounding box: [[996.4906616210938 364.7169189453125]
 [1089.2076416015625 338.22637939453125]
 [1095.62255859375 360.67919921875]
 [1002.9056396484375 387.16973876953125]]
Bounding box: [[589.5452270507812 401.2210693359375]
 [862.0230102539062 351.22509765625]
 [879.8456420898438 448.35858154296875]
 [607.3678588867188 498.35455322265625]]
Bounding box: [[981.2000732421875 419.60003662109375]
 [1123.4000244140625 372.20001220703125]
 [1134.2000732421875 404.5999755859375]
 [992.0001220703125 452.0]]
Bounding box: [[438.47100830078125 429.5926818847656]
 [557.120361328125 417.4235534667969]
 [563.376708984375 478.4228820800781]
 [444.72735595703125 490.5920104980469]]
Bounding box: [[430.61541748046875 509.07696533203125]
 [561.0 483.0000305175781]
 [565.6153564453125 506.076904296875]
 [435.23077392578125 532.15380859375]]
Bounding box: [[0.0 562.0]
 [48.0 562.0]
 [48.0 602.0]
 [0.0 602.0]]
Bounding box: [[0.0 617.3015747070312]
 [210.2845458984375 588.9625854492188]
 [216.05718994140625 632.8346557617188]
 [0.68072509765625 661.1736450195312]]
--------------------------------------------------
Image: photo_4_2024-10-24_20-20-24.jpg
Bounding box: [[713.4383544921875 458.8356018066406]
 [829.8712158203125 454.5232849121094]
 [830.7999267578125 479.6000061035156]
 [714.3670654296875 483.9123229980469]]
--------------------------------------------------
Image: photo_15_2024-10-24_20-20-24.jpg
Bounding box: [[452.0 382.0]
 [558.0 382.0]
 [558.0 438.0]
 [452.0 438.0]]
Bounding box: [[602.459716796875 392.8543701171875]
 [922.5147705078125 423.12982177734375]
 [912.944091796875 524.3055419921875]
 [592.8890380859375 494.03009033203125]]
Bounding box: [[438.4864501953125 448.1898193359375]
 [558.1113891601562 463.4610595703125]
 [555.30517578125 485.4432373046875]
 [435.68023681640625 470.1719970703125]]
Bounding box: [[1182.26220703125 521.1146850585938]
 [1279.278564453125 529.9343872070312]
 [1277.852294921875 545.6228637695312]
 [1180.8359375 536.8031616210938]]
Bounding box: [[1176.4415283203125 538.7034912109375]
 [1279.5587158203125 547.296630859375]
 [1277.9034423828125 567.15869140625]
 [1174.7862548828125 558.5655517578125]]
--------------------------------------------------
Image: photo_2_2024-10-22_21-52-34.jpg
Bounding box: [[872.800048828125 244.40000915527344]
 [957.4000244140625 216.20001220703125]
 [960.0 252.8000030517578]
 [885.0 281.0]]
Bounding box: [[897.2791748046875 273.9085998535156]
 [957.969482421875 269.5735778808594]
 [960.0 312.6395568847656]
 [900.3553466796875 316.9745788574219]]
Bounding box: [[868.7523193359375 335.17437744140625]
 [956.458740234375 308.8624267578125]
 [960.0 325.19268798828125]
 [873.6513671875 351.504638671875]]
Bounding box: [[556.3521118164062 342.34716796875]
 [626.1809692382812 331.87286376953125]
 [632.8998413085938 376.6650390625]
 [563.0709838867188 387.13934326171875]]
Bounding box: [[818.0 594.0]
 [900.0 594.0]
 [900.0 606.0]
 [818.0 606.0]]
Bounding box: [[389.5561828613281 608.016357421875]
 [455.9096374511719 605.558837890625]
 [456.3890686035156 618.5040283203125]
 [390.0356140136719 620.9615478515625]]
Bounding box: [[554.0 684.0]
 [714.0 684.0]
 [714.0 716.0]
 [554.0 716.0]]
Bounding box: [[448.0 712.0]
 [476.0 712.0]
 [476.0 728.0]
 [448.0 728.0]]
--------------------------------------------------
Image: photo_24_2024-10-24_20-20-24.jpg
Bounding box: [[874.0 66.0]
 [1016.0 66.0]
 [1016.0 94.0]
 [874.0 94.0]]
Bounding box: [[908.0 100.0]
 [986.0 100.0]
 [986.0 146.0]
 [908.0 146.0]]
Bounding box: [[370.0 362.0]
 [532.0 362.0]
 [532.0 380.0]
 [370.0 380.0]]
Bounding box: [[406.3205261230469 549.3452758789062]
 [480.8849182128906 552.1068725585938]
 [479.7533874511719 582.6575317382812]
 [405.1889953613281 579.8959350585938]]
Bounding box: [[338.3410339355469 573.5390625]
 [536.6859130859375 576.8448486328125]
 [535.6795654296875 637.22802734375]
 [337.3346252441406 633.9222412109375]]
Bounding box: [[100.0 590.0]
 [172.0 590.0]
 [172.0 608.0]
 [100.0 608.0]]
Bounding box: [[702.0 620.0]
 [748.0 620.0]
 [748.0 638.0]
 [702.0 638.0]]
--------------------------------------------------
Image: 2.jpg
Bounding box: [[88.00810885429382 63.51154100894928]
 [233.074937582016 74.39154469966888]
 [229.01665234565735 128.50203144550323]
 [83.94982361793518 117.62202775478363]]
Bounding box: [[291.93618869781494 68.63431316614151]
 [654.7406797409058 70.09722781181335]
 [654.3601446151733 164.46863555908203]
 [291.5556535720825 163.00572514533997]]
Bounding box: [[72.109375 147.546875]
 [234.078125 147.546875]
 [234.078125 168.625]
 [72.109375 168.625]]
--------------------------------------------------
Image: photo_33_2024-10-24_20-20-24.jpg
Bounding box: [[422.0 262.0]
 [526.0 262.0]
 [526.0 288.0]
 [422.0 288.0]]
Bounding box: [[1064.0 264.0]
 [1140.0 264.0]
 [1140.0 286.0]
 [1064.0 286.0]]
Bounding box: [[1040.385009765625 405.14715576171875]
 [1126.743408203125 408.90185546875]
 [1125.671630859375 433.5509033203125]
 [1039.313232421875 429.79620361328125]]
Bounding box: [[649.2473754882812 558.1804809570312]
 [889.2809448242188 549.0653686523438]
 [891.1250610351562 597.6282348632812]
 [651.0914916992188 606.7433471679688]]
--------------------------------------------------
Image: 3.jpg
Bounding box: [[98.7669382572174 10.573172426223755]
 [143.5282522201538 8.350983619689941]
 [144.60428504943846 30.025566959381102]
 [99.84297828674316 32.24775576591492]]
Bounding box: [[6.24178594648838 13.035039258003234]
 [88.82565178871154 12.165728950500489]
 [89.04854245185852 33.34063715934753]
 [6.464678859710693 34.20994746685028]]
Bounding box: [[5.901625856757164 35.739843893051145]
 [51.55889596939087 33.544778394699094]
 [51.858577203750606 39.77817831039429]
 [6.2013084411621096 41.97324380874634]]
--------------------------------------------------
Image: 1.jpg
Bounding box: [[377.1005582809448 165.8628761768341]
 [728.4379625320435 170.5163598060608]
 [726.565842628479 311.8615961074829]
 [375.22843837738037 307.2081255912781]]
Bounding box: [[199.605815410614 329.77540016174316]
 [906.1189365386963 331.7883014678955]
 [905.6005001068115 513.7489986419678]
 [199.08737897872925 511.73609733581543]]
Bounding box: [[281.9576644897461 533.9735269546509]
 [828.6295795440674 536.7914628982544]
 [828.3790683746338 585.3847551345825]
 [281.7071533203125 582.566819190979]]
Bounding box: [[852.5 575.78125]
 [914.375 575.78125]
 [914.375 591.25]
 [852.5 591.25]]
--------------------------------------------------
Image: photo_20_2024-10-24_20-20-24.jpg
Bounding box: [[1116.0 92.0]
 [1208.0 92.0]
 [1208.0 110.0]
 [1116.0 110.0]]
Bounding box: [[839.7501220703125 142.25631713867188]
 [1111.934326171875 138.81094360351562]
 [1112.2841796875 166.45208740234375]
 [840.0999755859375 169.8974609375]]
Bounding box: [[382.19403076171875 534.7251586914062]
 [646.6459350585938 541.7771606445312]
 [645.8223266601562 572.6619262695312]
 [381.37042236328125 565.6099243164062]]
Bounding box: [[520.1944580078125 617.5816040039062]
 [670.843994140625 622.1467895507812]
 [669.911865234375 652.9064331054688]
 [519.2623291015625 648.3412475585938]]
--------------------------------------------------
Image: photo_9_2024-10-22_21-52-34.jpg
Bounding box: [[500.12542724609375 58.818931579589844]
 [674.8118286132812 46.77159881591797]
 [678.4520874023438 99.5550308227539]
 [503.76568603515625 111.60236358642578]]
Bounding box: [[228.06381225585938 93.59512329101562]
 [436.2229919433594 96.61192321777344]
 [435.9487609863281 115.53549194335938]
 [227.78958129882812 112.51869201660156]]
Bounding box: [[684.0 436.0]
 [744.0 436.0]
 [744.0 456.0]
 [684.0 456.0]]
Bounding box: [[444.0 574.0]
 [522.0 574.0]
 [522.0 600.0]
 [444.0 600.0]]
--------------------------------------------------
Image: photo_6_2024-10-22_21-52-34.jpg
Bounding box: [[24.0 288.0]
 [54.0 288.0]
 [54.0 300.0]
 [24.0 300.0]]
Bounding box: [[364.0 540.0]
 [394.0 540.0]
 [394.0 552.0]
 [364.0 552.0]]
Bounding box: [[340.0 548.0]
 [416.0 548.0]
 [416.0 572.0]
 [340.0 572.0]]
Bounding box: [[688.0 564.0]
 [736.0 564.0]
 [736.0 580.0]
 [688.0 580.0]]
--------------------------------------------------
Image: photo_11_2024-10-24_20-20-24.jpg
Bounding box: [[450.0 430.0]
 [514.0 430.0]
 [514.0 458.0]
 [450.0 458.0]]
Bounding box: [[356.0799865722656 671.6014404296875]
 [622.7191162109375 676.449462890625]
 [621.8341064453125 725.124267578125]
 [355.1949768066406 720.2762451171875]]
--------------------------------------------------
